84.7625 87.9464 4.49952 0.0659131 512
84.7622 87.9485 4.4968 0.16972 512.01
84.7618 87.9506 4.49409 0.230492 512.02
84.7615 87.9527 4.4914 0.278047 512.03
84.7611 87.9548 4.48872 0.318363 512.04
84.7608 87.957 4.48606 0.353924 512.05
84.7604 87.9591 4.48341 0.386047 512.06
84.7601 87.9613 4.48077 0.41553 512.07
84.7598 87.9635 4.47815 0.442901 512.08
84.7595 87.9657 4.47554 0.468531 512.09
84.7592 87.9679 4.47295 0.492691 512.1
84.7589 87.9701 4.47037 0.515589 512.11
84.7586 87.9724 4.4678 0.537386 512.12
84.7583 87.9746 4.46524 0.558212 512.13
84.758 87.9769 4.4627 0.578172 512.14
84.7578 87.9792 4.46018 0.597353 512.15
84.7575 87.9816 4.45766 0.615828 512.16
84.7572 87.9839 4.45516 0.633659 512.17
84.757 87.9862 4.45268 0.650899 512.18
84.7567 87.9886 4.4502 0.667594 512.19
84.7565 87.991 4.44775 0.683785 512.2
84.7563 87.9934 4.4453 0.699506 512.21
84.756 87.9958 4.44287 0.714789 512.22
84.7558 87.9983 4.44045 0.729661 512.23
84.7556 88.0007 4.43805 0.744148 512.24
84.7554 88.0032 4.43565 0.758271 512.25
84.7552 88.0057 4.43328 0.772052 512.26
84.755 88.0082 4.43091 0.785507 512.27
84.7548 88.0107 4.42856 0.798654 512.28
84.7546 88.0132 4.42622 0.811508 512.29
84.7544 88.0157 4.4239 0.824082 512.3
84.7543 88.0183 4.42159 0.83639 512.31
84.7541 88.0209 4.41929 0.848443 512.32
84.7539 88.0235 4.41701 0.860253 512.33
84.7538 88.0261 4.41474 0.871828 512.34
84.7536 88.0287 4.41248 0.88318 512.35
84.7535 88.0313 4.41024 0.894315 512.36
84.7533 88.034 4.40801 0.905243 512.37
84.7532 88.0366 4.40579 0.915971 512.38
84.7531 88.0393 4.40359 0.926506 512.39
84.7529 88.042 4.4014 0.936855 512.4
84.7528 88.0447 4.39922 0.947024 512.41
84.7527 88.0474 4.39706 0.957018 512.42
84.7526 88.0502 4.39491 0.966844 512.43
84.7525 88.0529 4.39277 0.976507 512.44
84.7524 88.0557 4.39065 0.986012 512.45
84.7523 88.0585 4.38854 0.995362 512.46
84.7522 88.0613 4.38644 1.00456 512.47
84.7521 88.0641 4.38436 1.01362 512.48
84.7521 88.0669 4.38228 1.02254 512.49
84.752 88.0697 4.38023 1.03131 512.5
84.7519 88.0726 4.37818 1.03996 512.51
84.7519 88.0754 4.37615 1.04847 512.52
84.7518 88.0783 4.37413 1.05686 512.53
84.7518 88.0812 4.37213 1.06512 512.54
84.7517 88.0841 4.37014 1.07326 512.55
84.7517 88.087 4.36816 1.08129 512.56
84.7517 88.0899 4.36619 1.0892 512.57
84.7516 88.0929 4.36424 1.09699 512.58
84.7516 88.0958 4.3623 1.10468 512.59
84.7516 88.0988 4.36038 1.11226 512.6
84.7516 88.1018 4.35846 1.11973 512.61
84.7516 88.1048 4.35656 1.1271 512.62
84.7516 88.1078 4.35468 1.13437 512.63
84.7516 88.1108 4.3528 1.14154 512.64
84.7516 88.1139 4.35094 1.14861 512.65
84.7516 88.1169 4.34909 1.15559 512.66
84.7516 88.12 4.34726 1.16247 512.67
84.7517 88.123 4.34544 1.16926 512.68
84.7517 88.1261 4.34363 1.17597 512.69
84.7517 88.1292 4.34183 1.18258 512.7
84.7517 88.1323 4.34005 1.18911 512.71
84.7518 88.1355 4.33828 1.19555 512.72
84.7518 88.1386 4.33652 1.20191 512.73
84.7519 88.1417 4.33478 1.20818 512.74
84.7519 88.1449 4.33305 1.21438 512.75
84.752 88.1481 4.33133 1.22049 512.76
84.7521 88.1512 4.32962 1.22653 512.77
84.7521 88.1544 4.32793 1.23249 512.78
84.7522 88.1576 4.32625 1.23837 512.79
84.7523 88.1609 4.32458 1.24418 512.8
84.7524 88.1641 4.32293 1.24992 512.81
84.7525 88.1673 4.32129 1.25558 512.82
84.7525 88.1706 4.31966 1.26117 512.83
84.7526 88.1738 4.31804 1.26669 512.84
84.7527 88.1771 4.31644 1.27215 512.85
84.7528 88.1804 4.31485 1.27753 512.86
84.753 88.1837 4.31327 1.28285 512.87
84.7531 88.187 4.31171 1.2881 512.88
84.7532 88.1903 4.31015 1.29328 512.89
84.7533 88.1936 4.30861 1.2984 512.9
84.7534 88.197 4.30709 1.30346 512.91
84.7536 88.2003 4.30557 1.30845 512.92
84.7537 88.2037 4.30407 1.31338 512.93
84.7538 88.207 4.30258 1.31825 512.94
84.754 88.2104 4.30111 1.32305 512.95
84.7541 88.2138 4.29964 1.3278 512.96
84.7543 88.2172 4.29819 1.33249 512.97
84.7544 88.2206 4.29676 1.33712 512.98
84.7546 88.2241 4.29533 1.34169 512.99
84.7547 88.2275 4.29392 1.34621 513
84.7549 88.2309 4.29252 1.35067 513.01
84.7551 88.2344 4.29113 1.35507 513.02
84.7552 88.2378 4.28975 1.35942 513.03
84.7554 88.2413 4.28839 1.36371 513.04
84.7556 88.2448 4.28704 1.36795 513.05
84.7558 88.2483 4.2857 1.37213 513.06
84.756 88.2518 4.28438 1.37627 513.07
84.7562 88.2553 4.28306 1.38035 513.08
84.7564 88.2588 4.28176 1.38437 513.09
84.7566 88.2623 4.28048 1.38835 513.1
84.7568 88.2659 4.2792 1.39228 513.11
84.757 88.2694 4.27794 1.39615 513.12
84.7572 88.273 4.27669 1.39998 513.13
84.7574 88.2765 4.27545 1.40375 513.14
84.7576 88.2801 4.27422 1.40748 513.15
84.7578 88.2837 4.27301 1.41116 513.16
84.7581 88.2873 4.27181 1.41479 513.17
84.7583 88.2909 4.27062 1.41838 513.18
84.7585 88.2945 4.26945 1.42191 513.19
84.7587 88.2981 4.26828 1.4254 513.2
84.759 88.3017 4.26713 1.42885 513.21
84.7592 88.3054 4.26599 1.43224 513.22
84.7595 88.309 4.26486 1.43559 513.23
84.7597 88.3127 4.26375 1.4389 513.24
84.76 88.3163 4.26265 1.44216 513.25
84.7602 88.32 4.26156 1.44538 513.26
84.7605 88.3237 4.26048 1.44856 513.27
84.7607 88.3274 4.25941 1.45169 513.28
84.761 88.331 4.25836 1.45477 513.29
84.7613 88.3347 4.25732 1.45782 513.3
84.7615 88.3384 4.25629 1.46082 513.31
84.7618 88.3422 4.25527 1.46378 513.32
84.7621 88.3459 4.25427 1.46669 513.33
84.7623 88.3496 4.25328 1.46957 513.34
84.7626 88.3533 4.2523 1.4724 513.35
84.7629 88.3571 4.25133 1.47519 513.36
84.7632 88.3608 4.25037 1.47795 513.37
84.7635 88.3646 4.24943 1.48066 513.38
84.7638 88.3684 4.2485 1.48333 513.39
84.7641 88.3721 4.24758 1.48596 513.4
84.7644 88.3759 4.24667 1.48855 513.41
84.7647 88.3797 4.24578 1.4911 513.42
84.765 88.3835 4.24489 1.49362 513.43
84.7653 88.3873 4.24402 1.49609 513.44
84.7656 88.3911 4.24316 1.49852 513.45
84.7659 88.3949 4.24231 1.50092 513.46
84.7662 88.3987 4.24148 1.50328 513.47
84.7665 88.4025 4.24066 1.5056 513.48
84.7668 88.4064 4.23985 1.50788 513.49
84.7672 88.4102 4.23905 1.51013 513.5
84.7675 88.4141 4.23826 1.51234 513.51
84.7678 88.4179 4.23748 1.51451 513.52
84.7681 88.4218 4.23672 1.51664 513.53
84.7685 88.4256 4.23597 1.51874 513.54
84.7688 88.4295 4.23523 1.5208 513.55
84.7691 88.4334 4.2345 1.52283 513.56
84.7695 88.4372 4.23379 1.52482 513.57
84.7698 88.4411 4.23308 1.52677 513.58
84.7701 88.445 4.23239 1.52869 513.59
84.7705 88.4489 4.23171 1.53057 513.6
84.7708 88.4528 4.23104 1.53241 513.61
84.7712 88.4567 4.23038 1.53423 513.62
84.7715 88.4606 4.22974 1.536 513.63
84.7719 88.4645 4.22911 1.53774 513.64
84.7722 88.4685 4.22849 1.53945 513.65
84.7726 88.4724 4.22788 1.54112 513.66
84.7729 88.4763 4.22728 1.54276 513.67
84.7733 88.4803 4.22669 1.54437 513.68
84.7737 88.4842 4.22612 1.54594 513.69
84.774 88.4882 4.22556 1.54747 513.7
84.7744 88.4921 4.22501 1.54898 513.71
84.7748 88.4961 4.22447 1.55045 513.72
84.7751 88.5 4.22394 1.55188 513.73
84.7755 88.504 4.22342 1.55328 513.74
84.7759 88.508 4.22292 1.55465 513.75
84.7762 88.5119 4.22243 1.55599 513.76
84.7766 88.5159 4.22195 1.55729 513.77
84.777 88.5199 4.22148 1.55857 513.78
84.7774 88.5239 4.22102 1.5598 513.79
84.7778 88.5279 4.22057 1.56101 513.8
84.7781 88.5318 4.22014 1.56218 513.81
84.7785 88.5358 4.21972 1.56332 513.82
84.7789 88.5398 4.21931 1.56443 513.83
84.7793 88.5439 4.21891 1.56551 513.84
84.7797 88.5479 4.21852 1.56656 513.85
84.7801 88.5519 4.21814 1.56757 513.86
84.7805 88.5559 4.21778 1.56855 513.87
84.7809 88.5599 4.21742 1.5695 513.88
84.7813 88.5639 4.21708 1.57042 513.89
84.7817 88.5679 4.21675 1.57131 513.9
84.7821 88.572 4.21643 1.57216 513.91
84.7824 88.576 4.21613 1.57299 513.92
84.7828 88.58 4.21583 1.57378 513.93
84.7832 88.5841 4.21554 1.57454 513.94
84.7837 88.5881 4.21527 1.57527 513.95
84.7841 88.5922 4.21501 1.57597 513.96
84.7845 88.5962 4.21476 1.57664 513.97
84.7849 88.6002 4.21452 1.57728 513.98
84.7853 88.6043 4.21429 1.57789 513.99
84.7857 88.6083 4.21408 1.57847 514
84.7861 88.6124 4.21387 1.57902 514.01
84.7865 88.6165 4.21368 1.57953 514.02
84.7869 88.6205 4.2135 1.58002 514.03
84.7873 88.6246 4.21332 1.58047 514.04
84.7877 88.6286 4.21316 1.5809 514.05
84.7881 88.6327 4.21302 1.5813 514.06
84.7886 88.6368 4.21288 1.58166 514.07
84.789 88.6408 4.21275 1.582 514.08
84.7894 88.6449 4.21264 1.5823 514.09
84.7898 88.649 4.21253 1.58258 514.1
84.7902 88.6531 4.21244 1.58282 514.11
84.7906 88.6571 4.21236 1.58304 514.12
84.7911 88.6612 4.21229 1.58322 514.13
84.7915 88.6653 4.21223 1.58338 514.14
84.7919 88.6694 4.21219 1.58351 514.15
84.7923 88.6734 4.21215 1.5836 514.16
84.7927 88.6775 4.21212 1.58367 514.17
84.7931 88.6816 4.21211 1.58371 514.18
84.7936 88.6857 4.21211 1.58371 514.19
84.794 88.6898 4.21212 1.58369 514.2
84.7944 88.6939 4.21214 1.58364 514.21
84.7948 88.6979 4.21217 1.58356 514.22
84.7953 88.702 4.21221 1.58345 514.23
84.7957 88.7061 4.21226 1.58331 514.24
84.7961 88.7102 4.21232 1.58314 514.25
84.7965 88.7143 4.2124 1.58294 514.26
84.797 88.7184 4.21248 1.58271 514.27
84.7974 88.7225 4.21258 1.58246 514.28
84.7978 88.7266 4.21269 1.58217 514.29
84.7982 88.7307 4.21281 1.58185 514.3
84.7987 88.7347 4.21294 1.58151 514.31
84.7991 88.7388 4.21308 1.58113 514.32
84.7995 88.7429 4.21323 1.58073 514.33
84.7999 88.747 4.21339 1.5803 514.34
84.8004 88.7511 4.21356 1.57983 514.35
84.8008 88.7552 4.21375 1.57934 514.36
84.8012 88.7593 4.21394 1.57882 514.37
84.8016 88.7634 4.21415 1.57827 514.38
84.8021 88.7674 4.21437 1.57769 514.39
84.8025 88.7715 4.21459 1.57708 514.4
84.8029 88.7756 4.21483 1.57645 514.41
84.8033 88.7797 4.21508 1.57578 514.42
84.8038 88.7838 4.21534 1.57508 514.43
84.8042 88.7879 4.21561 1.57436 514.44
84.8046 88.792 4.2159 1.5736 514.45
84.805 88.796 4.21619 1.57282 514.46
84.8055 88.8001 4.21649 1.572 514.47
84.8059 88.8042 4.21681 1.57116 514.48
84.8063 88.8083 4.21713 1.57029 514.49
84.8067 88.8123 4.21747 1.56938 514.5
84.8072 88.8164 4.21781 1.56845 514.51
84.8076 88.8205 4.21817 1.56749 514.52
84.808 88.8246 4.21854 1.5665 514.53
84.8084 88.8286 4.21892 1.56548 514.54
84.8088 88.8327 4.21931 1.56443 514.55
84.8093 88.8368 4.21971 1.56335 514.56
84.8097 88.8408 4.22012 1.56224 514.57
84.8101 88.8449 4.22054 1.5611 514.58
84.8105 88.849 4.22097 1.55993 514.59
84.8109 88.853 4.22141 1.55874 514.6
84.8113 88.8571 4.22187 1.55751 514.61
84.8118 88.8611 4.22233 1.55625 514.62
84.8122 88.8652 4.22281 1.55496 514.63
84.8126 88.8692 4.22329 1.55365 514.64
84.813 88.8733 4.22379 1.5523 514.65
84.8134 88.8773 4.22429 1.55092 514.66
84.8138 88.8813 4.22481 1.54951 514.67
84.8142 88.8854 4.22534 1.54808 514.68
84.8147 88.8894 4.22587 1.54661 514.69
84.8151 88.8934 4.22642 1.54511 514.7
84.8155 88.8975 4.22698 1.54358 514.71
84.8159 88.9015 4.22755 1.54202 514.72
84.8163 88.9055 4.22813 1.54043 514.73
84.8167 88.9095 4.22872 1.53881 514.74
84.8171 88.9136 4.22932 1.53716 514.75
84.8175 88.9176 4.22993 1.53548 514.76
84.8179 88.9216 4.23055 1.53377 514.77
84.8183 88.9256 4.23118 1.53202 514.78
84.8187 88.9296 4.23182 1.53025 514.79
84.8191 88.9336 4.23248 1.52844 514.8
84.8195 88.9376 4.23314 1.52661 514.81
84.8199 88.9416 4.23381 1.52474 514.82
84.8203 88.9456 4.2345 1.52284 514.83
84.8207 88.9495 4.23519 1.52091 514.84
84.8211 88.9535 4.23589 1.51895 514.85
84.8214 88.9575 4.23661 1.51696 514.86
84.8218 88.9615 4.23733 1.51493 514.87
84.8222 88.9654 4.23807 1.51287 514.88
84.8226 88.9694 4.23881 1.51078 514.89
84.823 88.9734 4.23957 1.50866 514.9
84.8234 88.9773 4.24033 1.50651 514.91
84.8238 88.9813 4.24111 1.50432 514.92
84.8241 88.9852 4.2419 1.50211 514.93
84.8245 88.9891 4.24269 1.49986 514.94
84.8249 88.9931 4.2435 1.49757 514.95
84.8253 88.997 4.24431 1.49526 514.96
84.8256 89.0009 4.24514 1.49291 514.97
84.826 89.0048 4.24598 1.49053 514.98
84.8264 89.0088 4.24683 1.48811 514.99
84.8267 89.0127 4.24768 1.48566 515
84.8271 89.0166 4.24855 1.48318 515.01
84.8275 89.0205 4.24943 1.48066 515.02
84.8278 89.0244 4.25032 1.47811 515.03
84.8282 89.0282 4.25121 1.47553 515.04
84.8285 89.0321 4.25212 1.47291 515.05
84.8289 89.036 4.25304 1.47026 515.06
84.8293 89.0399 4.25397 1.46757 515.07
84.8296 89.0437 4.2549 1.46485 515.08
84.83 89.0476 4.25585 1.4621 515.09
84.8303 89.0514 4.25681 1.45931 515.1
84.8306 89.0553 4.25778 1.45648 515.11
84.831 89.0591 4.25875 1.45362 515.12
84.8313 89.063 4.25974 1.45072 515.13
84.8317 89.0668 4.26074 1.44779 515.14
84.832 89.0706 4.26175 1.44482 515.15
84.8323 89.0744 4.26277 1.44182 515.16
84.8327 89.0782 4.26379 1.43877 515.17
84.833 89.082 4.26483 1.4357 515.18
84.8333 89.0858 4.26588 1.43258 515.19
84.8337 89.0896 4.26693 1.42943 515.2
84.834 89.0934 4.268 1.42624 515.21
84.8343 89.0972 4.26908 1.42301 515.22
84.8346 89.1009 4.27016 1.41975 515.23
84.8349 89.1047 4.27126 1.41645 515.24
84.8352 89.1085 4.27237 1.41311 515.25
84.8355 89.1122 4.27348 1.40973 515.26
84.8359 89.1159 4.27461 1.40631 515.27
84.8362 89.1197 4.27575 1.40285 515.28
84.8365 89.1234 4.27689 1.39936 515.29
84.8368 89.1271 4.27805 1.39582 515.3
84.8371 89.1308 4.27921 1.39225 515.31
84.8374 89.1345 4.28039 1.38863 515.32
84.8376 89.1382 4.28157 1.38497 515.33
84.8379 89.1419 4.28276 1.38128 515.34
84.8382 89.1456 4.28397 1.37754 515.35
84.8385 89.1492 4.28518 1.37376 515.36
84.8388 89.1529 4.28641 1.36994 515.37
84.8391 89.1566 4.28764 1.36607 515.38
84.8393 89.1602 4.28888 1.36217 515.39
84.8396 89.1638 4.29013 1.35822 515.4
84.8399 89.1675 4.29139 1.35423 515.41
84.8401 89.1711 4.29267 1.35019 515.42
84.8404 89.1747 4.29395 1.34611 515.43
84.8407 89.1783 4.29524 1.34199 515.44
84.8409 89.1819 4.29654 1.33782 515.45
84.8412 89.1855 4.29785 1.33361 515.46
84.8414 89.1891 4.29917 1.32935 515.47
84.8417 89.1926 4.3005 1.32504 515.48
84.8419 89.1962 4.30183 1.32069 515.49
84.8421 89.1997 4.30318 1.31629 515.5
84.8424 89.2033 4.30454 1.31185 515.51
84.8426 89.2068 4.30591 1.30736 515.52
84.8428 89.2103 4.30728 1.30281 515.53
84.8431 89.2139 4.30867 1.29822 515.54
84.8433 89.2174 4.31006 1.29358 515.55
84.8435 89.2209 4.31147 1.2889 515.56
84.8437 89.2243 4.31288 1.28416 515.57
84.8439 89.2278 4.3143 1.27937 515.58
84.8441 89.2313 4.31574 1.27452 515.59
84.8443 89.2347 4.31718 1.26963 515.6
84.8445 89.2382 4.31863 1.26468 515.61
84.8447 89.2416 4.32009 1.25968 515.62
84.8449 89.245 4.32156 1.25463 515.63
84.8451 89.2485 4.32304 1.24952 515.64
84.8453 89.2519 4.32453 1.24436 515.65
84.8455 89.2553 4.32603 1.23914 515.66
84.8457 89.2586 4.32754 1.23387 515.67
84.8459 89.262 4.32905 1.22853 515.68
84.846 89.2654 4.33058 1.22314 515.69
84.8462 89.2687 4.33212 1.21769 515.7
84.8464 89.2721 4.33366 1.21218 515.71
84.8465 89.2754 4.33521 1.20662 515.72
84.8467 89.2787 4.33678 1.20099 515.73
84.8468 89.282 4.33835 1.19529 515.74
84.847 89.2853 4.33993 1.18954 515.75
84.8471 89.2886 4.34152 1.18372 515.76
84.8473 89.2919 4.34312 1.17784 515.77
84.8474 89.2952 4.34473 1.17189 515.78
84.8475 89.2984 4.34635 1.16587 515.79
84.8477 89.3017 4.34798 1.15979 515.8
84.8478 89.3049 4.34961 1.15363 515.81
84.8479 89.3081 4.35126 1.14741 515.82
84.848 89.3113 4.35291 1.14112 515.83
84.8481 89.3145 4.35458 1.13475 515.84
84.8483 89.3177 4.35625 1.12831 515.85
84.8484 89.3209 4.35793 1.1218 515.86
84.8485 89.3241 4.35962 1.11521 515.87
84.8486 89.3272 4.36132 1.10854 515.88
84.8486 89.3303 4.36303 1.1018 515.89
84.8487 89.3335 4.36475 1.09497 515.9
84.8488 89.3366 4.36648 1.08806 515.91
84.8489 89.3397 4.36821 1.08107 515.92
84.849 89.3428 4.36996 1.07399 515.93
84.849 89.3459 4.37171 1.06683 515.94
84.8491 89.3489 4.37348 1.05958 515.95
84.8492 89.352 4.37525 1.05224 515.96
84.8492 89.355 4.37703 1.04481 515.97
84.8493 89.358 4.37882 1.03728 515.98
84.8493 89.3611 4.38062 1.02966 515.99
84.8493 89.3641 4.38242 1.02194 516
84.8494 89.367 4.38424 1.01412 516.01
84.8494 89.37 4.38607 1.00619 516.02
84.8494 89.373 4.3879 0.998164 516.03
84.8495 89.3759 4.38974 0.990027 516.04
84.8495 89.3789 4.3916 0.981779 516.05
84.8495 89.3818 4.39346 0.973419 516.06
84.8495 89.3847 4.39533 0.964942 516.07
84.8495 89.3876 4.3972 0.956346 516.08
84.8495 89.3905 4.39909 0.947628 516.09
84.8495 89.3933 4.40099 0.938784 516.1
84.8495 89.3962 4.40289 0.92981 516.11
84.8495 89.399 4.4048 0.920703 516.12
84.8494 89.4019 4.40673 0.911459 516.13
84.8494 89.4047 4.40866 0.902074 516.14
84.8494 89.4075 4.4106 0.892542 516.15
84.8493 89.4103 4.41255 0.88286 516.16
84.8493 89.413 4.4145 0.873022 516.17
84.8492 89.4158 4.41647 0.863024 516.18
84.8492 89.4185 4.41844 0.852858 516.19
84.8491 89.4213 4.42043 0.842521 516.2
84.8491 89.424 4.42242 0.832004 516.21
84.849 89.4267 4.42442 0.821301 516.22
84.8489 89.4294 4.42643 0.810405 516.23
84.8488 89.432 4.42844 0.799307 516.24
84.8488 89.4347 4.43047 0.788 516.25
84.8487 89.4373 4.4325 0.776474 516.26
84.8486 89.44 4.43455 0.764719 516.27
84.8485 89.4426 4.4366 0.752725 516.28
84.8484 89.4452 4.43866 0.74048 516.29
84.8482 89.4477 4.44073 0.727971 516.3
84.8481 89.4503 4.4428 0.715184 516.31
84.848 89.4529 4.44489 0.702105 516.32
84.8479 89.4554 4.44698 0.688716 516.33
84.8477 89.4579 4.44909 0.674999 516.34
84.8476 89.4604 4.4512 0.660934 516.35
84.8475 89.4629 4.45332 0.646498 516.36
84.8473 89.4654 4.45545 0.631666 516.37
84.8471 89.4678 4.45758 0.616409 516.38
84.847 89.4703 4.45973 0.600694 516.39
84.8468 89.4727 4.46188 0.584484 516.4
84.8466 89.4751 4.46404 0.567739 516.41
84.8464 89.4775 4.46621 0.550407 516.42
84.8463 89.4799 4.46839 0.532433 516.43
84.8461 89.4822 4.47058 0.513748 516.44
84.8459 89.4846 4.47277 0.494273 516.45
84.8457 89.4869 4.47498 0.473909 516.46
84.8455 89.4892 4.47719 0.452537 516.47
84.8452 89.4915 4.47941 0.430006 516.48
84.845 89.4938 4.48164 0.406125 516.49
84.8448 89.496 4.48387 0.380637 516.5
84.8445 89.4983 4.48612 0.353197 516.51
84.8443 89.5005 4.48837 0.323306 516.52
84.8441 89.5027 4.49063 0.29021 516.53
84.8438 89.5049 4.4929 0.252651 516.54
84.8435 89.5071 4.49518 0.208229 516.55
84.8433 89.5093 4.49747 0.151002 516.56
84.843 89.5114 4.49976 0.0464752 516.57
