0 0 1
1.94184 0.1 1.07767
3.88115 0.2 1.15525
5.81538 0.3 1.23262
7.74201 0.4 1.30968
9.65849 0.5 1.38634
11.5623 0.6 1.46249
13.4509 0.7 1.53804
15.3217 0.8 1.61287
17.1723 0.9 1.68689
19 1 1.76
20.8029 1.1 1.83212
22.5811 1.2 1.90325
24.3354 1.3 1.97341
26.0663 1.4 2.04265
27.7745 1.5 2.11098
29.4608 1.6 2.17843
31.1258 1.7 2.24503
32.7703 1.8 2.31081
34.3947 1.9 2.37579
36 2 2.44
37.5865 2.1 2.50346
39.1543 2.2 2.56617
40.7032 2.3 2.62813
42.233 2.4 2.68932
43.7434 2.5 2.74974
45.2344 2.6 2.80938
46.7058 2.7 2.86823
48.1573 2.8 2.92629
49.5887 2.9 2.98355
51 3 3.04
52.3909 3.1 3.09564
53.7615 3.2 3.15046
55.1118 3.3 3.20447
56.4419 3.4 3.25768
57.7518 3.5 3.31007
59.0415 3.6 3.36166
60.3111 3.7 3.41245
61.5607 3.8 3.46243
62.7903 3.9 3.51161
64 4 3.56
65.1898 4.1 3.60759
66.3596 4.2 3.65438
67.5095 4.3 3.70038
68.6395 4.4 3.74558
69.7495 4.5 3.78998
70.8396 4.6 3.83358
71.9097 4.7 3.87639
72.9598 4.8 3.91839
73.9899 4.9 3.9596
75 5 4
75.9901 5.1 4.0396
76.9601 5.2 4.0784
77.9101 5.3 4.11641
78.8401 5.4 4.15361
79.7501 5.5 4.19001
80.6401 5.6 4.2256
81.5101 5.7 4.2604
82.3601 5.8 4.2944
83.19 5.9 4.3276
84 6 4.36
84.79 6.1 4.3916
85.56 6.2 4.4224
86.31 6.3 4.4524
87.04 6.4 4.4816
87.75 6.5 4.51
88.44 6.6 4.5376
89.11 6.7 4.5644
89.76 6.8 4.5904
90.39 6.9 4.6156
91 7 4.64
91.59 7.1 4.6636
92.16 7.2 4.6864
92.71 7.3 4.7084
93.24 7.4 4.7296
93.75 7.5 4.75
94.24 7.6 4.7696
94.71 7.7 4.7884
95.16 7.8 4.8064
95.59 7.9 4.8236
96 8 4.84
96.39 8.1 4.8556
96.76 8.2 4.8704
97.11 8.3 4.8844
97.44 8.4 4.8976
97.75 8.5 4.91
98.04 8.6 4.9216
98.31 8.7 4.9324
98.56 8.8 4.9424
98.79 8.9 4.9516
99 9 4.96
99.19 9.1 4.9676
99.36 9.2 4.9744
99.51 9.3 4.9804
99.64 9.4 4.9856
99.75 9.5 4.99
99.84 9.6 4.9936
99.91 9.7 4.9964
99.96 9.8 4.9984
99.99 9.9 4.9996
100 10 5
99.99 10.1 4.9996
99.96 10.2 4.9984
99.91 10.3 4.9964
99.84 10.4 4.9936
99.75 10.5 4.99
99.64 10.6 4.9856
99.51 10.7 4.9804
99.36 10.8 4.9744
99.19 10.9 4.9676
99 11 4.96
98.79 11.1 4.9516
98.56 11.2 4.9424
98.31 11.3 4.9324
98.04 11.4 4.9216
97.75 11.5 4.91
97.44 11.6 4.8976
97.11 11.7 4.8844
96.76 11.8 4.8704
96.39 11.9 4.8556
96 12 4.84
95.59 12.1 4.8236
95.16 12.2 4.8064
94.71 12.3 4.7884
94.24 12.4 4.7696
93.75 12.5 4.75
93.24 12.6 4.7296
92.71 12.7 4.7084
92.16 12.8 4.6864
91.59 12.9 4.6636
91 13 4.64
90.39 13.1 4.6156
89.76 13.2 4.5904
89.11 13.3 4.5644
88.44 13.4 4.5376
87.75 13.5 4.51
87.04 13.6 4.4816
86.31 13.7 4.4524
85.56 13.8 4.4224
84.79 13.9 4.3916
84 14 4.36
83.19 14.1 4.3276
82.3601 14.2 4.2944
81.5101 14.3 4.2604
80.6401 14.4 4.2256
79.7501 14.5 4.19001
78.8401 14.6 4.15361
77.9101 14.7 4.11641
76.9601 14.8 4.0784
75.9901 14.9 4.0396
75 15 4
73.9899 15.1 3.9596
72.9598 15.2 3.91839
71.9097 15.3 3.87639
70.8396 15.4 3.83358
69.7495 15.5 3.78998
68.6395 15.6 3.74558
67.5095 15.7 3.70038
66.3596 15.8 3.65438
65.1898 15.9 3.60759
64 16 3.56
62.7903 16.1 3.51161
61.5607 16.2 3.46243
60.3111 16.3 3.41245
59.0415 16.4 3.36166
57.7518 16.5 3.31007
56.4419 16.6 3.25768
55.1118 16.7 3.20447
53.7615 16.8 3.15046
52.3909 16.9 3.09564
51 17 3.04
49.5887 17.1 2.98355
48.1573 17.2 2.92629
46.7058 17.3 2.86823
45.2344 17.4 2.80938
43.7434 17.5 2.74974
42.233 17.6 2.68932
40.7032 17.7 2.62813
39.1543 17.8 2.56617
37.5865 17.9 2.50346
36 18 2.44
34.3947 18.1 2.37579
32.7703 18.2 2.31081
31.1258 18.3 2.24503
29.4608 18.4 2.17843
27.7745 18.5 2.11098
26.0663 18.6 2.04265
24.3354 18.7 1.97341
22.5811 18.8 1.90325
20.8029 18.9 1.83212
19 19 1.76
17.1723 19.1 1.68689
15.3217 19.2 1.61287
13.4509 19.3 1.53804
11.5623 19.4 1.46249
9.65849 19.5 1.38634
7.74201 19.6 1.30968
5.81538 19.7 1.23262
3.88115 19.8 1.15525
1.94184 19.9 1.07767
