0 0 0
1.94184 0.1 0.485461
3.88115 0.2 0.970287
5.81538 0.3 1.45385
7.74201 0.4 1.9355
9.65849 0.5 2.41462
11.5623 0.6 2.89057
13.4509 0.7 3.36272
15.3217 0.8 3.83043
17.1723 0.9 4.29307
19 1 4.75
20.8029 1.1 5.20073
22.5811 1.2 5.64528
24.3354 1.3 6.08384
26.0663 1.4 6.51656
27.7745 1.5 6.94363
29.4608 1.6 7.36521
31.1258 1.7 7.78146
32.7703 1.8 8.19256
34.3947 1.9 8.59869
36 2 9
37.5865 2.1 9.39664
39.1543 2.2 9.78858
40.7032 2.3 10.1758
42.233 2.4 10.5582
43.7434 2.5 10.9359
45.2344 2.6 11.3086
46.7058 2.7 11.6764
48.1573 2.8 12.0393
49.5887 2.9 12.3972
51 3 12.75
52.3909 3.1 13.0977
53.7615 3.2 13.4404
55.1118 3.3 13.778
56.4419 3.4 14.1105
57.7518 3.5 14.4379
59.0415 3.6 14.7604
60.3111 3.7 15.0778
61.5607 3.8 15.3902
62.7903 3.9 15.6976
64 4 16
65.1898 4.1 16.2974
66.3596 4.2 16.5899
67.5095 4.3 16.8774
68.6395 4.4 17.1599
69.7495 4.5 17.4374
70.8396 4.6 17.7099
71.9097 4.7 17.9774
72.9598 4.8 18.24
73.9899 4.9 18.4975
75 5 18.75
75.9901 5.1 18.9975
76.9601 5.2 19.24
77.9101 5.3 19.4775
78.8401 5.4 19.71
79.7501 5.5 19.9375
80.6401 5.6 20.16
81.5101 5.7 20.3775
82.3601 5.8 20.59
83.19 5.9 20.7975
84 6 21
84.79 6.1 21.1975
85.56 6.2 21.39
86.31 6.3 21.5775
87.04 6.4 21.76
87.75 6.5 21.9375
88.44 6.6 22.11
89.11 6.7 22.2775
89.76 6.8 22.44
90.39 6.9 22.5975
91 7 22.75
91.59 7.1 22.8975
92.16 7.2 23.04
92.71 7.3 23.1775
93.24 7.4 23.31
93.75 7.5 23.4375
94.24 7.6 23.56
94.71 7.7 23.6775
95.16 7.8 23.79
95.59 7.9 23.8975
96 8 24
96.39 8.1 24.0975
96.76 8.2 24.19
97.11 8.3 24.2775
97.44 8.4 24.36
97.75 8.5 24.4375
98.04 8.6 24.51
98.31 8.7 24.5775
98.56 8.8 24.64
98.79 8.9 24.6975
99 9 24.75
99.19 9.1 24.7975
99.36 9.2 24.84
99.51 9.3 24.8775
99.64 9.4 24.91
99.75 9.5 24.9375
99.84 9.6 24.96
99.91 9.7 24.9775
99.96 9.8 24.99
99.99 9.9 24.9975
100 10 25
99.99 10.1 24.9975
99.96 10.2 24.99
99.91 10.3 24.9775
99.84 10.4 24.96
99.75 10.5 24.9375
99.64 10.6 24.91
99.51 10.7 24.8775
99.36 10.8 24.84
99.19 10.9 24.7975
99 11 24.75
98.79 11.1 24.6975
98.56 11.2 24.64
98.31 11.3 24.5775
98.04 11.4 24.51
97.75 11.5 24.4375
97.44 11.6 24.36
97.11 11.7 24.2775
96.76 11.8 24.19
96.39 11.9 24.0975
96 12 24
95.59 12.1 23.8975
95.16 12.2 23.79
94.71 12.3 23.6775
94.24 12.4 23.56
93.75 12.5 23.4375
93.24 12.6 23.31
92.71 12.7 23.1775
92.16 12.8 23.04
91.59 12.9 22.8975
91 13 22.75
90.39 13.1 22.5975
89.7601 13.2 22.44
89.1101 13.3 22.2775
88.4401 13.4 22.11
87.7501 13.5 21.9375
87.0401 13.6 21.76
86.3101 13.7 21.5775
85.5601 13.8 21.39
84.7901 13.9 21.1975
84 14 21
83.1899 14.1 20.7975
82.3598 14.2 20.59
81.5097 14.3 20.3774
80.6396 14.4 20.1599
79.7495 14.5 19.9374
78.8395 14.6 19.7099
77.9095 14.7 19.4774
76.9596 14.8 19.2399
75.9898 14.9 18.9974
75 15 18.75
73.9903 15.1 18.4976
72.9607 15.2 18.2402
71.9111 15.3 17.9778
70.8415 15.4 17.7104
69.7518 15.5 17.4379
68.6419 15.6 17.1605
67.5118 15.7 16.878
66.3615 15.8 16.5904
65.1909 15.9 16.2977
64 16 16
62.7887 16.1 15.6972
61.5573 16.2 15.3893
60.3058 16.3 15.0764
59.0344 16.4 14.7586
57.7434 16.5 14.4359
56.433 16.6 14.1082
55.1032 16.7 13.7758
53.7543 16.8 13.4386
52.3865 16.9 13.0966
51 17 12.75
49.5947 17.1 12.3987
48.1703 17.2 12.0426
46.7258 17.3 11.6815
45.2608 17.4 11.3152
43.7745 17.5 10.9436
42.2663 17.6 10.5666
40.7354 17.7 10.1838
39.1811 17.8 9.79528
37.6029 17.9 9.40073
36 18 9
34.3723 18.1 8.59307
32.7217 18.2 8.18043
31.0509 18.3 7.76272
29.3623 18.4 7.34057
27.6585 18.5 6.91462
25.942 18.6 6.4855
24.2154 18.7 6.05385
22.4811 18.8 5.62029
20.7418 18.9 5.18546
9.31 21 1.71
10.1635 21.1 1.86677
11.0158 21.2 2.0233
11.8655 21.3 2.17938
12.7116 21.4 2.33478
13.5527 21.5 2.48926
14.3875 21.6 2.64261
15.2149 21.7 2.79458
16.0336 21.8 2.94496
16.8424 21.9 3.0935
17.64 22 3.24
18.4254 22.1 3.38426
19.1988 22.2 3.5263
19.9603 22.3 3.66618
20.7105 22.4 3.80396
21.4495 22.5 3.93971
22.1778 22.6 4.07347
22.8957 22.7 4.20533
23.6034 22.8 4.33532
24.3014 22.9 4.46353
24.99 23 4.59
25.6694 23.1 4.71479
26.3396 23.2 4.83789
27.0006 23.3 4.95929
27.6522 23.4 5.07897
28.2943 23.5 5.19691
28.9269 23.6 5.3131
29.5498 23.7 5.42752
30.1631 23.8 5.54015
30.7665 23.9 5.65099
31.36 24 5.76
31.9436 24.1 5.86718
32.5171 24.2 5.97254
33.0808 24.3 6.07606
33.6345 24.4 6.17777
34.1784 24.5 6.27766
34.7123 24.6 6.37573
35.2365 24.7 6.472
35.7508 24.8 6.56647
36.2553 24.9 6.65913
36.75 25 6.75
37.235 25.1 6.83908
37.7102 25.2 6.92636
38.1757 25.3 7.01186
38.6314 25.4 7.09555
39.0773 25.5 7.17746
39.5134 25.6 7.25756
39.9398 25.7 7.33587
40.3563 25.8 7.41238
40.7631 25.9 7.48709
41.16 26 7.56
41.5471 26.1 7.63111
41.9245 26.2 7.70041
42.292 26.3 7.76791
42.6497 26.4 7.83361
42.9976 26.5 7.89751
43.3357 26.6 7.95961
43.6639 26.7 8.01991
43.9824 26.8 8.0784
44.2911 26.9 8.1351
44.59 27 8.19
44.8791 27.1 8.2431
45.1584 27.2 8.2944
45.4279 27.3 8.3439
45.6876 27.4 8.3916
45.9375 27.5 8.4375
46.1776 27.6 8.4816
46.4079 27.7 8.5239
46.6284 27.8 8.5644
46.8391 27.9 8.6031
47.04 28 8.64
47.2311 28.1 8.6751
47.4124 28.2 8.7084
47.5839 28.3 8.7399
47.7456 28.4 8.7696
47.8975 28.5 8.7975
48.0396 28.6 8.8236
48.1719 28.7 8.8479
48.2944 28.8 8.8704
48.4071 28.9 8.8911
48.51 29 8.91
48.6031 29.1 8.9271
48.6864 29.2 8.9424
48.7599 29.3 8.9559
48.8236 29.4 8.9676
48.8775 29.5 8.9775
48.9216 29.6 8.9856
48.9559 29.7 8.9919
48.9804 29.8 8.9964
48.9951 29.9 8.9991
49 30 9
48.9951 30.1 8.9991
48.9804 30.2 8.9964
48.9559 30.3 8.9919
48.9216 30.4 8.9856
48.8775 30.5 8.9775
48.8236 30.6 8.9676
48.7599 30.7 8.9559
48.6864 30.8 8.9424
48.6031 30.9 8.9271
48.51 31 8.91
48.4071 31.1 8.8911
48.2944 31.2 8.8704
48.1719 31.3 8.8479
48.0396 31.4 8.8236
47.8975 31.5 8.7975
47.7456 31.6 8.7696
47.5839 31.7 8.7399
47.4124 31.8 8.7084
47.2311 31.9 8.6751
47.04 32 8.64
46.8391 32.1 8.6031
46.6284 32.2 8.5644
46.4079 32.3 8.5239
46.1776 32.4 8.4816
45.9375 32.5 8.4375
45.6876 32.6 8.3916
45.4279 32.7 8.3439
45.1584 32.8 8.2944
44.8791 32.9 8.2431
44.59 33 8.19
44.2911 33.1 8.1351
43.9824 33.2 8.0784
43.6639 33.3 8.01991
43.3357 33.4 7.95961
42.9976 33.5 7.89751
42.6497 33.6 7.83361
42.292 33.7 7.76791
41.9245 33.8 7.70041
41.5471 33.9 7.63111
41.16 34 7.56
40.7631 34.1 7.48709
40.3563 34.2 7.41238
39.9398 34.3 7.33587
39.5134 34.4 7.25756
39.0773 34.5 7.17746
38.6314 34.6 7.09555
38.1757 34.7 7.01186
37.7102 34.8 6.92636
37.235 34.9 6.83908
36.75 35 6.75
36.2553 35.1 6.65913
35.7508 35.2 6.56647
35.2365 35.3 6.472
34.7123 35.4 6.37573
34.1784 35.5 6.27766
33.6345 35.6 6.17777
33.0808 35.7 6.07606
32.5171 35.8 5.97254
31.9436 35.9 5.86718
31.36 36 5.76
30.7665 36.1 5.65099
30.1631 36.2 5.54015
29.5498 36.3 5.42752
28.9269 36.4 5.3131
28.2943 36.5 5.19691
27.6522 36.6 5.07897
27.0006 36.7 4.95929
26.3396 36.8 4.83789
25.6694 36.9 4.71479
24.99 37 4.59
24.3014 37.1 4.46353
23.6034 37.2 4.33532
22.8957 37.3 4.20533
22.1778 37.4 4.07347
21.4495 37.5 3.93971
20.7105 37.6 3.80396
19.9603 37.7 3.66618
19.1988 37.8 3.5263
18.4254 37.9 3.38426
17.64 38 3.24
16.8424 38.1 3.0935
16.0336 38.2 2.94496
15.2149 38.3 2.79458
14.3875 38.4 2.64261
13.5527 38.5 2.48926
12.7116 38.6 2.33478
11.8655 38.7 2.17938
11.0158 38.8 2.0233
10.1635 38.9 1.86677
