92.2259 -25.8926 20.4272 20
91.7588 -21.4062 24.1553 40
91.1911 -16.4636 27.9227 60
91.3004 -12.0219 30.968 80
90.5461 -7.34974 33.8514 100
90.8739 -2.81985 35.9555 120
90.2469 1.91144 38.0735 140
90.0663 6.48306 39.7199 160
89.4662 11.178 41.0447 180
89.6932 15.6966 41.818 200
89.4224 20.3149 42.1851 220
89.1963 25.0592 42.3485 240
88.4878 29.7962 41.9589 260
88.7303 34.2709 41.1839 280
88.1525 38.8729 40.2301 300
87.8433 43.7137 38.7635 320
87.4474 48.3346 36.8213 340
87.284 52.9546 34.5633 360
86.7789 57.5032 31.9303 380
86.6143 62.2016 28.8871 400
86.2271 66.858 25.4829 420
86.1891 71.4391 21.4665 440
86.2402 76.2172 17.0811 460
85.2876 80.8944 12.8424 480
84.9974 85.4075 7.78223 500
84.7405 90.2362 5.28364 520
84.0992 94.3603 9.49803 540
83.8079 98.6456 12.8959 560
83.4769 102.957 16.0672 580
83.6334 107.53 18.6567 600
83.2728 111.729 21.1169 620
82.9236 116.063 23.2467 640
82.5841 120.372 24.9118 660
82.447 124.872 25.9441 680
82.3892 129.355 26.864 700
82.0583 133.511 27.3293 720
81.3767 137.701 27.6425 740
80.9717 142.042 27.2974 760
81.0404 146.583 26.3714 780
80.6915 150.84 25.3658 800
80.3446 155.147 23.9862 820
80.1573 159.538 22.1297 840
79.8474 163.885 19.7987 860
79.3854 168.27 17.1552 880
78.8843 172.51 13.9513 900
78.9607 176.988 10.5961 920
78.643 181.397 6.7258 940
