0 0 1
1.9 0.1 1.076
3.8 0.2 1.152
5.7 0.3 1.228
7.6 0.4 1.304
9.5 0.5 1.38
11.4 0.6 1.456
13.3 0.7 1.532
15.2 0.8 1.608
17.1 0.9 1.684
19 1 1.76
20.88 1.1 1.8352
22.72 1.2 1.9088
24.52 1.3 1.9808
26.28 1.4 2.0512
28 1.5 2.12
29.68 1.6 2.1872
31.32 1.7 2.2528
32.92 1.8 2.3168
34.48 1.9 2.3792
36 2 2.44
37.5 2.1 2.5
39 2.2 2.56
40.5 2.3 2.62
42 2.4 2.68
43.5 2.5 2.74
45 2.6 2.8
46.5 2.7 2.86
48 2.8 2.92
49.5 2.9 2.98
51 3 3.04
52.48 3.1 3.0992
53.92 3.2 3.1568
55.32 3.3 3.2128
56.68 3.4 3.2672
58 3.5 3.32
59.28 3.6 3.3712
60.52 3.7 3.4208
61.72 3.8 3.4688
62.88 3.9 3.5152
64 4 3.56
65.1 4.1 3.604
66.2 4.2 3.648
67.3 4.3 3.692
68.4 4.4 3.736
69.5 4.5 3.78
70.6 4.6 3.824
71.7 4.7 3.868
72.8 4.8 3.912
73.9 4.9 3.956
75 5 4
76.08 5.1 4.0432
77.12 5.2 4.0848
78.12 5.3 4.1248
79.08 5.4 4.1632
80 5.5 4.2
80.88 5.6 4.2352
81.72 5.7 4.2688
82.52 5.8 4.3008
83.28 5.9 4.3312
84 6 4.36
84.7 6.1 4.388
85.4 6.2 4.416
86.1 6.3 4.444
86.8 6.4 4.472
87.5 6.5 4.5
88.2 6.6 4.528
88.9 6.7 4.556
89.6 6.8 4.584
90.3 6.9 4.612
91 7 4.64
91.68 7.1 4.6672
92.32 7.2 4.6928
92.92 7.3 4.7168
93.48 7.4 4.7392
94 7.5 4.76
94.48 7.6 4.7792
94.92 7.7 4.7968
95.32 7.8 4.8128
95.68 7.9 4.8272
96 8 4.84
96.3 8.1 4.852
96.6 8.2 4.864
96.9 8.3 4.876
97.2 8.4 4.888
97.5 8.5 4.9
97.8 8.6 4.912
98.1 8.7 4.924
98.4 8.8 4.936
98.7 8.9 4.948
99 9 4.96
99.28 9.1 4.9712
99.52 9.2 4.9808
99.72 9.3 4.9888
99.88 9.4 4.9952
100 9.5 5
100.08 9.6 5.0032
100.12 9.7 5.0048
100.12 9.8 5.0048
100.08 9.9 5.0032
100 10 5
99.9 10.1 4.996
99.8 10.2 4.992
99.7 10.3 4.988
99.6 10.4 4.984
99.5 10.5 4.98
99.4 10.6 4.976
99.3 10.7 4.972
99.2 10.8 4.968
99.1 10.9 4.964
99 11 4.96
98.88 11.1 4.9552
98.72 11.2 4.9488
98.52 11.3 4.9408
98.28 11.4 4.9312
98 11.5 4.92
97.68 11.6 4.9072
97.32 11.7 4.8928
96.92 11.8 4.8768
96.48 11.9 4.8592
96 12 4.84
95.5 12.1 4.82
95 12.2 4.8
94.5 12.3 4.78
94 12.4 4.76
93.5 12.5 4.74
93 12.6 4.72
92.5 12.7 4.7
92 12.8 4.68
91.5 12.9 4.66
91 13 4.64
90.48 13.1 4.6192
89.92 13.2 4.5968
89.32 13.3 4.5728
88.68 13.4 4.5472
88 13.5 4.52
87.28 13.6 4.4912
86.52 13.7 4.4608
85.72 13.8 4.4288
84.88 13.9 4.3952
84 14 4.36
83.1 14.1 4.324
82.2 14.2 4.288
81.3 14.3 4.252
80.4 14.4 4.216
79.5 14.5 4.18
78.6 14.6 4.144
77.7 14.7 4.108
76.8 14.8 4.072
75.9 14.9 4.036
75 15 4
74.08 15.1 3.9632
73.12 15.2 3.9248
72.12 15.3 3.8848
71.08 15.4 3.8432
70 15.5 3.8
68.88 15.6 3.7552
67.72 15.7 3.7088
66.52 15.8 3.6608
65.28 15.9 3.6112
64 16 3.56
62.7 16.1 3.508
61.4 16.2 3.456
60.1 16.3 3.404
58.8 16.4 3.352
57.5 16.5 3.3
56.2 16.6 3.248
54.9 16.7 3.196
53.6 16.8 3.144
52.3 16.9 3.092
51 17 3.04
49.68 17.1 2.9872
48.32 17.2 2.9328
46.92 17.3 2.8768
45.48 17.4 2.8192
44 17.5 2.76
42.48 17.6 2.6992
40.92 17.7 2.6368
39.32 17.8 2.5728
37.68 17.9 2.5072
36 18 2.44
34.3 18.1 2.372
32.6 18.2 2.304
30.9 18.3 2.236
29.2 18.4 2.168
27.5 18.5 2.1
25.8 18.6 2.032
24.1 18.7 1.964
22.4 18.8 1.896
20.7 18.9 1.828
19 19 1.76
17.28 19.1 1.6912
15.52 19.2 1.6208
13.72 19.3 1.5488
11.88 19.4 1.4752
10 19.5 1.4
8.08 19.6 1.3232
6.12 19.7 1.2448
4.12 19.8 1.1648
2.08 19.9 1.0832
