0 0 0 0
0.343717 1 3.09345 0.1
0.687122 2 6.1841 0.2
1.0299 3 9.26912 0.3
1.37175 4 12.3457 0.4
1.71234 5 15.4111 0.5
2.05138 6 18.4624 0.6
2.38854 7 21.4968 0.7
2.72351 8 24.5116 0.8
3.05599 9 27.5039 0.9
3.38566 10 30.4709 1
3.71227 11 33.4104 1.1
4.03584 12 36.3226 1.2
4.35646 13 39.2081 1.3
4.67421 14 42.0679 1.4
4.98917 15 44.9025 1.5
5.30142 16 47.7128 1.6
5.61106 17 50.4995 1.7
5.91816 18 53.2634 1.8
6.22281 19 56.0053 1.9
6.52508 20 58.7258 2
6.82506 21 61.4255 2.1
7.12273 22 64.1045 2.2
7.41806 23 66.7626 2.3
7.71105 24 69.3994 2.4
8.00165 25 72.0149 2.5
8.28986 26 74.6088 2.6
8.57565 27 77.1809 2.7
8.859 28 79.731 2.8
9.13989 29 82.259 2.9
9.41828 30 84.7645 3
9.69417 31 87.2476 3.1
9.96756 32 89.7081 3.2
10.2385 33 92.1461 3.3
10.5068 34 94.5616 3.4
10.7728 35 96.9549 3.5
11.0362 36 99.3258 3.6
11.2972 37 101.674 3.7
11.5556 38 104.001 3.8
11.8117 39 106.305 3.9
12.0653 40 108.587 4
12.3164 41 110.847 4.1
12.565 42 113.085 4.2
12.8113 43 115.301 4.3
13.055 44 117.495 4.4
13.2963 45 119.667 4.5
13.5352 46 121.817 4.6
13.7716 47 123.944 4.7
14.0055 48 126.05 4.8
14.237 49 128.133 4.9
14.466 50 130.194 5
14.6925 51 132.233 5.1
14.9166 52 134.249 5.2
15.1382 53 136.244 5.3
15.3574 54 138.216 5.4
15.574 55 140.166 5.5
15.7883 56 142.094 5.6
16 57 144 5.7
16.2093 58 145.884 5.8
16.4161 59 147.745 5.9
16.6205 60 149.584 6
16.8224 61 151.402 6.1
17.0218 62 153.197 6.2
17.2188 63 154.969 6.3
17.4134 64 156.72 6.4
17.6054 65 158.449 6.5
17.795 66 160.155 6.6
17.9821 67 161.839 6.7
18.1668 68 163.501 6.8
18.349 69 165.141 6.9
18.5288 70 166.759 7
18.7061 71 168.355 7.1
18.8809 72 169.928 7.2
19.0532 73 171.479 7.3
19.2231 74 173.008 7.4
19.3906 75 174.515 7.5
19.5556 76 176 7.6
19.7181 77 177.463 7.7
19.8781 78 178.903 7.8
20.0357 79 180.321 7.9
20.1908 80 181.717 8
20.3435 81 183.091 8.1
20.4937 82 184.443 8.2
20.6414 83 185.773 8.3
20.7867 84 187.08 8.4
20.9295 85 188.366 8.5
21.0699 86 189.629 8.6
21.2078 87 190.87 8.7
21.3432 88 192.089 8.8
21.4761 89 193.285 8.9
21.6066 90 194.46 9
21.7347 91 195.612 9.1
21.8603 92 196.742 9.2
21.9834 93 197.85 9.3
22.104 94 198.936 9.4
22.2222 95 200 9.5
22.338 96 201.042 9.6
22.4512 97 202.061 9.7
22.562 98 203.058 9.8
22.6704 99 204.033 9.9
22.7762 100 204.986 10
22.8797 101 205.917 10.1
22.9806 102 206.825 10.2
23.0791 103 207.712 10.3
23.1751 104 208.576 10.4
23.2687 105 209.418 10.5
23.3598 106 210.238 10.6
23.4484 107 211.036 10.7
23.5346 108 211.812 10.8
23.6183 109 212.565 10.9
23.6996 110 213.296 11
23.7784 111 214.006 11.1
23.8547 112 214.693 11.2
23.9286 113 215.357 11.3
24 114 216 11.4
24.0689 115 216.62 11.5
24.1354 116 217.219 11.6
24.1994 117 217.795 11.7
24.261 118 218.349 11.8
24.3201 119 218.881 11.9
24.3767 120 219.391 12
24.4309 121 219.878 12.1
24.4826 122 220.343 12.2
24.5319 123 220.787 12.3
24.5786 124 221.208 12.4
24.623 125 221.607 12.5
24.6648 126 221.983 12.6
24.7042 127 222.338 12.7
24.7412 128 222.67 12.8
24.7756 129 222.981 12.9
24.8076 130 223.269 13
24.8372 131 223.535 13.1
24.8643 132 223.778 13.2
24.8889 133 224 13.3
24.911 134 224.199 13.4
24.9307 135 224.377 13.5
24.948 136 224.532 13.6
24.9628 137 224.665 13.7
24.9751 138 224.776 13.8
24.9849 139 224.864 13.9
24.9923 140 224.931 14
24.9972 141 224.975 14.1
24.9997 142 224.997 14.2
24.9997 143 224.997 14.3
24.9972 144 224.975 14.4
24.9923 145 224.931 14.5
24.9849 146 224.864 14.6
24.9751 147 224.776 14.7
24.9628 148 224.665 14.8
24.948 149 224.532 14.9
24.9307 150 224.377 15
24.911 151 224.199 15.1
24.8889 152 224 15.2
24.8643 153 223.778 15.3
24.8372 154 223.535 15.4
24.8076 155 223.269 15.5
24.7756 156 222.981 15.6
24.7412 157 222.67 15.7
24.7042 158 222.338 15.8
24.6648 159 221.983 15.9
24.623 160 221.607 16
24.5786 161 221.208 16.1
24.5319 162 220.787 16.2
24.4826 163 220.343 16.3
24.4309 164 219.878 16.4
24.3767 165 219.391 16.5
24.3201 166 218.881 16.6
24.261 167 218.349 16.7
24.1994 168 217.795 16.8
24.1354 169 217.219 16.9
24.0689 170 216.62 17
24 171 216 17.1
23.9286 172 215.357 17.2
23.8547 173 214.693 17.3
23.7784 174 214.006 17.4
23.6996 175 213.296 17.5
23.6183 176 212.565 17.6
23.5346 177 211.812 17.7
23.4484 178 211.036 17.8
23.3598 179 210.238 17.9
23.2687 180 209.418 18
23.1751 181 208.576 18.1
23.0791 182 207.712 18.2
22.9806 183 206.825 18.3
22.8797 184 205.917 18.4
22.7762 185 204.986 18.5
22.6704 186 204.033 18.6
22.562 187 203.058 18.7
22.4512 188 202.061 18.8
22.338 189 201.042 18.9
22.2222 190 200 19
22.104 191 198.936 19.1
21.9834 192 197.85 19.2
21.8603 193 196.742 19.3
21.7347 194 195.612 19.4
21.6066 195 194.46 19.5
21.4761 196 193.285 19.6
21.3432 197 192.089 19.7
21.2078 198 190.87 19.8
21.0699 199 189.629 19.9
20.9295 200 188.366 20
20.7867 201 187.08 20.1
20.6414 202 185.773 20.2
20.4937 203 184.443 20.3
20.3435 204 183.091 20.4
20.1908 205 181.717 20.5
20.0357 206 180.321 20.6
19.8781 207 178.903 20.7
19.7181 208 177.463 20.8
19.5556 209 176 20.9
19.3906 210 174.515 21
19.2231 211 173.008 21.1
19.0532 212 171.479 21.2
18.8809 213 169.928 21.3
18.7061 214 168.355 21.4
18.5288 215 166.759 21.5
18.349 216 165.141 21.6
18.1668 217 163.501 21.7
17.9821 218 161.839 21.8
17.795 219 160.155 21.9
17.6054 220 158.449 22
17.4134 221 156.72 22.1
17.2188 222 154.97 22.2
17.0219 223 153.197 22.3
16.8224 224 151.402 22.4
16.6205 225 149.584 22.5
16.4161 226 147.745 22.6
16.2093 227 145.884 22.7
16 228 144 22.8
15.7882 229 142.094 22.9
15.574 230 140.166 23
15.3573 231 138.216 23.1
15.1382 232 136.244 23.2
14.9166 233 134.249 23.3
14.6925 234 132.233 23.4
14.466 235 130.194 23.5
14.237 236 128.133 23.6
14.0056 237 126.05 23.7
13.7716 238 123.945 23.8
13.5352 239 121.817 23.9
13.2964 240 119.668 24
13.0551 241 117.496 24.1
12.8113 242 115.302 24.2
12.5651 243 113.086 24.3
12.3164 244 110.847 24.4
12.0652 245 108.587 24.5
11.8116 246 106.304 24.6
11.5555 247 103.999 24.7
11.297 248 101.673 24.8
11.036 249 99.3238 24.9
10.7725 250 96.9529 25
10.5067 251 94.5599 25.1
10.2383 252 92.1449 25.2
9.96751 253 89.7076 25.3
9.69424 254 87.2482 25.4
9.4185 255 84.7665 25.5
9.14028 256 82.2625 25.6
8.85957 257 79.7361 25.7
8.57636 258 77.1873 25.8
8.29066 259 74.616 25.9
8.00246 260 72.0222 26
7.71175 261 69.4058 26.1
7.41856 262 66.767 26.2
7.1229 263 64.1061 26.3
6.8248 264 61.4232 26.4
6.52428 265 58.7185 26.5
6.22136 266 55.9922 26.6
5.91606 267 53.2446 26.7
5.60841 268 50.4757 26.8
5.29844 269 47.6859 26.9
4.98615 270 44.8753 27
4.67156 271 42.044 27.1
4.3546 272 39.1914 27.2
4.03519 273 36.3167 27.3
3.71324 274 33.4192 27.4
3.38868 275 30.4981 27.5
3.0614 276 27.5526 27.6
2.73135 277 24.5821 27.7
2.39842 278 21.5857 27.8
2.06253 279 18.5628 27.9
1.72361 280 15.5125 28
1.38163 281 12.4347 28.1
1.03684 282 9.33155 28.2
0.689552 283 6.20597 28.3
0.34008 284 3.06072 28.4
-0.0112658 285 -0.101392 28.5
-0.364172 286 -3.27755 28.6
-0.718328 287 -6.46495 28.7
-1.07342 288 -9.66078 28.8
-1.42914 289 -12.8622 28.9
-1.78516 290 -16.0665 29
-2.14119 291 -19.2707 29.1
-2.49691 292 -22.4722 29.2
-2.852 293 -25.668 29.3
-3.20616 294 -28.8554 29.4
-3.55906 295 -32.0316 29.5
-3.91041 296 -35.1937 29.6
-4.25988 297 -38.3389 29.7
-4.60717 298 -41.4645 29.8
-4.95196 299 -44.5676 29.9
-3.55556 300 -19.358 30
-3.23212 301 -17.5971 30.1
-2.89855 302 -15.781 30.2
-2.55595 303 -13.9158 30.3
-2.20547 304 -12.0076 30.4
-1.84822 305 -10.0626 30.5
-1.48534 306 -8.08686 30.6
-1.11795 307 -6.08663 30.7
-0.74718 308 -4.06798 30.8
-0.374153 309 -2.03706 30.9
5.31971e-14 310 2.89629e-13 31
0.374153 311 2.03706 31.1
0.74718 312 4.06798 31.2
1.11795 313 6.08663 31.3
1.48534 314 8.08686 31.4
1.84822 315 10.0626 31.5
2.20547 316 12.0076 31.6
2.55595 317 13.9158 31.7
2.89855 318 15.781 31.8
3.23212 319 17.5971 31.9
3.55556 320 19.358 32
3.86795 321 21.0589 32.1
4.16938 322 22.7 32.2
4.46015 323 24.283 32.3
4.74055 324 25.8096 32.4
5.01088 325 27.2815 32.5
5.27146 326 28.7002 32.6
5.52258 327 30.0674 32.7
5.76455 328 31.3847 32.8
5.99766 329 32.6539 32.9
6.22222 330 33.8765 33
6.43847 331 35.0539 33.1
6.6464 332 36.1859 33.2
6.84591 333 37.2722 33.3
7.03692 334 38.3121 33.4
7.21936 335 39.3054 33.5
7.39314 336 40.2515 33.6
7.55817 337 41.15 33.7
7.71438 338 42.0005 33.8
7.86169 339 42.8025 33.9
8 340 43.5556 34
8.12926 341 44.2593 34.1
8.24948 342 44.9138 34.2
8.36067 343 45.5192 34.3
8.46288 344 46.0757 34.4
8.55613 345 46.5834 34.5
8.64044 346 47.0424 34.6
8.71584 347 47.4529 34.7
8.78237 348 47.8151 34.8
8.84004 349 48.1291 34.9
8.88889 350 48.3951 35
8.92893 351 48.6131 35.1
8.96015 352 48.783 35.2
8.98251 353 48.9048 35.3
8.996 354 48.9782 35.4
9.00057 355 49.0031 35.5
8.99622 356 48.9794 35.6
8.9829 357 48.9069 35.7
8.96059 358 48.7854 35.8
8.92926 359 48.6149 35.9
8.88889 360 48.3951 36
8.83946 361 48.126 36.1
8.78105 362 47.8079 36.2
8.71373 363 47.4414 36.3
8.63758 364 47.0268 36.4
8.55269 365 46.5647 36.5
8.45914 366 46.0553 36.6
8.35702 367 45.4993 36.7
8.2464 368 44.897 36.8
8.12736 369 44.249 36.9
8 370 43.5556 37
7.86433 371 42.8169 37.1
7.7201 372 42.0317 37.2
7.56702 373 41.1982 37.3
7.40479 374 40.315 37.4
7.2331 375 39.3802 37.5
7.05166 376 38.3924 37.6
6.86015 377 37.3497 37.7
6.65827 378 36.2506 37.8
6.44573 379 35.0934 37.9
6.22222 380 33.8765 38
5.98768 381 32.5996 38.1
5.74299 382 31.2674 38.2
5.48929 383 29.8861 38.3
5.22769 384 28.4619 38.4
4.95934 385 27.0008 38.5
4.68534 386 25.5091 38.6
4.40684 387 23.9928 38.7
4.12496 388 22.4581 38.8
3.84082 389 20.9111 38.9
