16.8255 82.5972 50.5153 20
17.1855 80.4806 46.5504 40
16.4633 78.0281 42.1429 60
15.2779 75.678 37.8029 80
14.6486 73.1841 34.1472 100
13.0468 70.6166 30.3398 120
11.6623 68.1025 26.9 140
10.3173 65.5005 23.7781 160
9.24635 62.9638 21.097 180
6.98699 60.1617 18.1189 200
4.27085 57.4788 15.1385 220
1.83922 54.9464 12.6073 240
-0.656956 52.3839 10.35 260
-3.6075 49.7608 7.88565 280
-7.08292 47.2709 5.50328 300
-10.3362 44.8092 3.34741 320
-14.6831 42.5638 0.678575 340
-18.3215 40.3003 -1.26953 360
-22.9747 38.2703 -3.66752 380
-27.6078 36.3067 -5.87464 400
-32.7179 34.6623 -8.4335 420
-37.9627 33.2268 -11.0408 440
-43.0805 31.9169 -13.3918 460
-48.479 31.4069 -17.2195 480
-47.6796 30.374 -19.1916 500
-47.1204 29.3282 -21.1113 520
-46.9208 28.3925 -23.1075 540
-47.1364 27.303 -25.1921 560
-47.178 26.378 -27.0053 580
-47.6306 25.4043 -28.8908 600
-48.2769 24.5168 -30.7382 620
-49.3711 23.6503 -32.6358 640
-50.4418 22.8132 -34.352 660
-51.7799 22.0966 -36.054 680
-53.6844 21.5362 -37.8735 700
-55.4959 20.9003 -39.499 720
